H,	M,	RANGE,	YEAR,
41571,	39742,	0 a 4,	2018,
50725,	48097,	5 a 9,	2018,
56364,	53529,	10 a 14,	2018,
56069,	52558,	15 a 19,	2018,
57351,	57030,	20 a 24,	2018,
66999,	66832,	25 a 29,	2018,
71588,	73155,	30 a 34,	2018,
87335,	86895,	35 a 39,	2018,
97904,	93951,	40 a 44,	2018,
97929,	94187,	45 a 49,	2018,
90263,	88986,	50 a 54,	2018,
73361,	74363,	55 a 59,	2018,
58563,	60808,	60 a 64,	2018,
48840,	51392,	65 a 69,	2018,
39346,	44244,	70 a 74,	2018,
26635,	32656,	75 a 79,	2018,
19405,	28310,	80 a 84,	2018,
9863,	17881,	85 a 89,	2018,
3068,	6858,	90 a 94,	2018,
638,	1750,	95 a 99,	2018,
215,	429,	100+,	2018,
41972,	40228,	0 a 4,	2017,
51756,	48951,	5 a 9,	2017,
55837,	52958,	10 a 14,	2017,
54884,	51927,	15 a 19,	2017,
57826,	56590,	20 a 24,	2017,
66342,	66665,	25 a 29,	2017,
73011,	74717,	30 a 34,	2017,
89413,	87876,	35 a 39,	2017,
99099,	94737,	40 a 44,	2017,
96193,	92614,	45 a 49,	2017,
88005,	86941,	50 a 54,	2017,
70123,	70941,	55 a 59,	2017,
56757,	58917,	60 a 64,	2017,
47336,	49950,	65 a 69,	2017,
38747,	43448,	70 a 74,	2017,
25353,	31543,	75 a 79,	2017,
19614,	28751,	80 a 84,	2017,
9124,	16555,	85 a 89,	2017,
2880,	6508,	90 a 94,	2017,
647,	1685,	95 a 99,	2017,
194,	506,	100+,	2017,
42614,	40818,	0 a 4,	2016,
53254,	50456,	5 a 9,	2016,
55656,	52787,	10 a 14,	2016,
53851,	51284,	15 a 19,	2016,
58308,	56691,	20 a 24,	2016,
66509,	67733,	25 a 29,	2016,
75795,	77376,	30 a 34,	2016,
92091,	89536,	35 a 39,	2016,
100062,	95440,	40 a 44,	2016,
94634,	91455,	45 a 49,	2016,
85770,	84592,	50 a 54,	2016,
67634,	68122,	55 a 59,	2016,
55303,	57345,	60 a 64,	2016,
46388,	49274,	65 a 69,	2016,
37799,	41766,	70 a 74,	2016,
25567,	32189,	75 a 79,	2016,
19258,	28114,	80 a 84,	2016,
8728,	15714,	85 a 89,	2016,
2809,	6267,	90 a 94,	2016,
610,	1638,	95 a 99,	2016,
198,	489,	100+,	2016,
43883,	41543,	0 a 4,	2015,
54245,	51502,	5 a 9,	2015,
55688,	52539,	10 a 14,	2015,
53017,	50698,	15 a 19,	2015,
59038,	57729,	20 a 24,	2015,
67143,	68665,	25 a 29,	2015,
79854,	80854,	30 a 34,	2015,
94591,	91056,	35 a 39,	2015,
100798,	95860,	40 a 44,	2015,
93618,	90840,	45 a 49,	2015,
83089,	81933,	50 a 54,	2015,
65523,	65609,	55 a 59,	2015,
54030,	55843,	60 a 64,	2015,
46027,	49263,	65 a 69,	2015,
37036,	40855,	70 a 74,	2015,
25386,	31937,	75 a 79,	2015,
18664,	27420,	80 a 84,	2015,
8148,	14873,	85 a 89,	2015,
2644,	5963,	90 a 94,	2015,
611,	1662,	95 a 99,	2015,
170,	459,	100+,	2015,
45168,	42858,	0 a 4,	2014,
55149,	52568,	5 a 9,	2014,
55574,	52455,	10 a 14,	2014,
52755,	50170,	15 a 19,	2014,
60338,	58860,	20 a 24,	2014,
68323,	70444,	25 a 29,	2014,
84323,	84855,	30 a 34,	2014,
97414,	92935,	35 a 39,	2014,
100813,	95858,	40 a 44,	2014,
93465,	90329,	45 a 49,	2014,
79450,	78496,	50 a 54,	2014,
63712,	64168,	55 a 59,	2014,
53321,	54744,	60 a 64,	2014,
45833,	48812,	65 a 69,	2014,
34886,	38788,	70 a 74,	2014,
26808,	33659,	75 a 79,	2014,
17933,	26503,	80 a 84,	2014,
7850,	14204,	85 a 89,	2014,
2465,	5641,	90 a 94,	2014,
635,	1656,	95 a 99,	2014,
158,	439,	100+,	2014,
47662,	45055,	0 a 4,	2013,
55355,	52493,	5 a 9,	2013,
55123,	51911,	10 a 14,	2013,
52942,	50524,	15 a 19,	2013,
61366,	59933,	20 a 24,	2013,
70094,	72283,	25 a 29,	2013,
88678,	88414,	30 a 34,	2013,
100165,	95220,	35 a 39,	2013,
100644,	95306,	40 a 44,	2013,
93342,	89798,	45 a 49,	2013,
76977,	76007,	50 a 54,	2013,
62601,	63101,	55 a 59,	2013,
53263,	54195,	60 a 64,	2013,
45973,	48855,	65 a 69,	2013,
34409,	38123,	70 a 74,	2013,
28189,	35388,	75 a 79,	2013,
17545,	25710,	80 a 84,	2013,
7679,	13549,	85 a 89,	2013,
2494,	5459,	90 a 94,	2013,
660,	1675,	95 a 99,	2013,
141,	378,	100+,	2013,
49285,	46544,	0 a 4,	2012,
55249,	52336,	5 a 9,	2012,
54482,	51848,	10 a 14,	2012,
55022,	51720,	15 a 19,	2012,
62100,	61025,	20 a 24,	2012,
72844,	74960,	25 a 29,	2012,
91882,	90324,	30 a 34,	2012,
101914,	96614,	35 a 39,	2012,
99469,	94294,	40 a 44,	2012,
91768,	88290,	45 a 49,	2012,
74243,	73056,	50 a 54,	2012,
61042,	61565,	55 a 59,	2012,
52066,	53257,	60 a 64,	2012,
45673,	48293,	65 a 69,	2012,
33460,	37234,	70 a 74,	2012,
28620,	36102,	75 a 79,	2012,
16439,	24312,	80 a 84,	2012,
7463,	13169,	85 a 89,	2012,
2405,	5185,	90 a 94,	2012,
701,	1640,	95 a 99,	2012,
113,	336,	100+,	2012,
50512,	47834,	0 a 4,	2011,
55354,	52166,	5 a 9,	2011,
53926,	51536,	10 a 14,	2011,
57042,	53399,	15 a 19,	2011,
64806,	64337,	20 a 24,	2011,
77751,	79241,	25 a 29,	2011,
95464,	92617,	30 a 34,	2011,
103244,	97624,	35 a 39,	2011,
98405,	93721,	40 a 44,	2011,
89763,	86784,	45 a 49,	2011,
72652,	71074,	50 a 54,	2011,
59720,	60259,	55 a 59,	2011,
51424,	52651,	60 a 64,	2011,
44614,	46454,	65 a 69,	2011,
33372,	37832,	70 a 74,	2011,
27783,	35092,	75 a 79,	2011,
15549,	22990,	80 a 84,	2011,
7192,	12674,	85 a 89,	2011,
2242,	4951,	90 a 94,	2011,
673,	1632,	95 a 99,	2011,
103,	310,	100+,	2011,
51179,	48383,	0 a 4,	2010,
55420,	52292,	5 a 9,	2010,
53299,	51340,	10 a 14,	2010,
58272,	54549,	15 a 19,	2010,
66000,	65856,	20 a 24,	2010,
82323,	83289,	25 a 29,	2010,
97880,	93828,	30 a 34,	2010,
104121,	97977,	35 a 39,	2010,
97071,	92635,	40 a 44,	2010,
87147,	84014,	45 a 49,	2010,
69886,	68108,	50 a 54,	2010,
58315,	58572,	55 a 59,	2010,
50647,	52074,	60 a 64,	2010,
43497,	45264,	65 a 69,	2010,
32816,	37233,	70 a 74,	2010,
26622,	34008,	75 a 79,	2010,
14666,	21662,	80 a 84,	2010,
6713,	12174,	85 a 89,	2010,
2121,	4752,	90 a 94,	2010,
631,	1538,	95 a 99,	2010,
80,	265,	100+,	2010,
51541,	48701,	0 a 4,	2009,
55168,	52087,	5 a 9,	2009,
52852,	51012,	10 a 14,	2009,
59440,	55853,	15 a 19,	2009,
67409,	67623,	20 a 24,	2009,
86789,	86707,	25 a 29,	2009,
100239,	95051,	30 a 34,	2009,
103851,	97447,	35 a 39,	2009,
96599,	91700,	40 a 44,	2009,
83040,	80273,	45 a 49,	2009,
67378,	66015,	50 a 54,	2009,
56924,	56619,	55 a 59,	2009,
49801,	50960,	60 a 64,	2009,
40295,	42356,	65 a 69,	2009,
33641,	38471,	70 a 74,	2009,
25148,	32368,	75 a 79,	2009,
13696,	20614,	80 a 84,	2009,
6144,	11195,	85 a 89,	2009,
2060,	4691,	90 a 94,	2009,
537,	1381,	95 a 99,	2009,
84,	232,	100+,	2009,
51074,	48220,	0 a 4,	2008,
54239,	51137,	5 a 9,	2008,
52704,	52061,	10 a 14,	2008,
60148,	56923,	15 a 19,	2008,
68185,	68600,	20 a 24,	2008,
89636,	88636,	25 a 29,	2008,
101541,	95543,	30 a 34,	2008,
102455,	95236,	35 a 39,	2008,
95107,	89620,	40 a 44,	2008,
79339,	76531,	45 a 49,	2008,
64832,	63410,	50 a 54,	2008,
55489,	54503,	55 a 59,	2008,
48359,	49415,	60 a 64,	2008,
38085,	40096,	65 a 69,	2008,
33969,	39032,	70 a 74,	2008,
23630,	30784,	75 a 79,	2008,
13015,	19443,	80 a 84,	2008,
5682,	10430,	85 a 89,	2008,
2064,	4698,	90 a 94,	2008,
525,	1324,	95 a 99,	2008,
59,	189,	100+,	2008,
49172,	46347,	0 a 4,	2007,
52161,	50343,	5 a 9,	2007,
53411,	51644,	10 a 14,	2007,
59609,	56940,	15 a 19,	2007,
69119,	68927,	20 a 24,	2007,
90472,	88205,	25 a 29,	2007,
101429,	95144,	30 a 34,	2007,
99276,	92663,	35 a 39,	2007,
91806,	86804,	40 a 44,	2007,
75282,	72170,	45 a 49,	2007,
61998,	60553,	50 a 54,	2007,
53222,	52408,	55 a 59,	2007,
47012,	47881,	60 a 64,	2007,
35856,	38138,	65 a 69,	2007,
33668,	39125,	70 a 74,	2007,
21830,	28767,	75 a 79,	2007,
12325,	18569,	80 a 84,	2007,
5254,	9779,	85 a 89,	2007,
2005,	4544,	90 a 94,	2007,
498,	1272,	95 a 99,	2007,
88,	235,	100+,	2007,
48010,	45163,	0 a 4,	2006,
50627,	49815,	5 a 9,	2006,
54345,	51534,	10 a 14,	2006,
60029,	57551,	15 a 19,	2006,
71175,	70516,	20 a 24,	2006,
92129,	88680,	25 a 29,	2006,
102027,	95093,	30 a 34,	2006,
97170,	90912,	35 a 39,	2006,
88804,	84180,	40 a 44,	2006,
72153,	68665,	45 a 49,	2006,
59650,	58212,	50 a 54,	2006,
51441,	50796,	55 a 59,	2006,
45168,	45589,	60 a 64,	2006,
35582,	38572,	65 a 69,	2006,
32574,	37932,	70 a 74,	2006,
20825,	27317,	75 a 79,	2006,
11818,	17924,	80 a 84,	2006,
5016,	9589,	85 a 89,	2006,
2164,	4673,	90 a 94,	2006,
536,	1391,	95 a 99,	2006,
151,	335,	100+,	2006,
47592,	44500,	0 a 4,	2005,
49937,	49487,	5 a 9,	2005,
55263,	52321,	10 a 14,	2005,
60271,	57842,	15 a 19,	2005,
73869,	72706,	20 a 24,	2005,
93501,	88966,	25 a 29,	2005,
102251,	94978,	30 a 34,	2005,
95276,	89592,	35 a 39,	2005,
85668,	81217,	40 a 44,	2005,
68953,	65348,	45 a 49,	2005,
57661,	55994,	50 a 54,	2005,
50120,	49863,	55 a 59,	2005,
43353,	43865,	60 a 64,	2005,
34596,	37819,	65 a 69,	2005,
31324,	36785,	70 a 74,	2005,
19744,	25897,	75 a 79,	2005,
11184,	17426,	80 a 84,	2005,
4920,	9353,	85 a 89,	2005,
2096,	4558,	90 a 94,	2005,
522,	1268,	95 a 99,	2005,
129,	265,	100+,	2005,
47141,	44239,	0 a 4,	2004,
48966,	48399,	5 a 9,	2004,
55855,	52823,	10 a 14,	2004,
59705,	57760,	15 a 19,	2004,
75140,	73917,	20 a 24,	2004,
92531,	87647,	25 a 29,	2004,
98977,	92477,	30 a 34,	2004,
92379,	87369,	35 a 39,	2004,
80030,	76133,	40 a 44,	2004,
65288,	62362,	45 a 49,	2004,
55440,	53427,	50 a 54,	2004,
48379,	47980,	55 a 59,	2004,
39589,	40638,	60 a 64,	2004,
35475,	38970,	65 a 69,	2004,
29532,	35041,	70 a 74,	2004,
18516,	24706,	75 a 79,	2004,
10246,	16034,	80 a 84,	2004,
5009,	9420,	85 a 89,	2004,
1896,	4123,	90 a 94,	2004,
439,	1171,	95 a 99,	2004,
125,	246,	100+,	2004,
47417,	44280,	0 a 4,	2003,
48904,	48708,	5 a 9,	2003,
56414,	53440,	10 a 14,	2003,
60201,	58291,	15 a 19,	2003,
77095,	75555,	20 a 24,	2003,
93265,	88208,	25 a 29,	2003,
97260,	90559,	30 a 34,	2003,
90871,	86004,	35 a 39,	2003,
76250,	73110,	40 a 44,	2003,
63007,	60295,	45 a 49,	2003,
54229,	51895,	50 a 54,	2003,
47299,	47235,	55 a 59,	2003,
37920,	39014,	60 a 64,	2003,
36532,	40163,	65 a 69,	2003,
28299,	33989,	70 a 74,	2003,
17943,	23754,	75 a 79,	2003,
9773,	15384,	80 a 84,	2003,
5062,	9460,	85 a 89,	2003,
1882,	4017,	90 a 94,	2003,
412,	1112,	95 a 99,	2003,
124,	236,	100+,	2003,
44161,	42367,	0 a 4,	2002,
49611,	48139,	5 a 9,	2002,
55871,	53351,	10 a 14,	2002,
61115,	59140,	15 a 19,	2002,
77488,	75590,	20 a 24,	2002,
92805,	87755,	25 a 29,	2002,
93383,	87909,	30 a 34,	2002,
86883,	82832,	35 a 39,	2002,
71989,	68819,	40 a 44,	2002,
60062,	57662,	45 a 49,	2002,
51772,	49742,	50 a 54,	2002,
45975,	45922,	55 a 59,	2002,
35851,	37126,	60 a 64,	2002,
36557,	40521,	65 a 69,	2002,
26316,	31698,	70 a 74,	2002,
17097,	22920,	75 a 79,	2002,
9158,	14501,	80 a 84,	2002,
5007,	9258,	85 a 89,	2002,
1767,	3932,	90 a 94,	2002,
379,	1009,	95 a 99,	2002,
106,	209,	100+,	2002,
39439,	38948,	0 a 4,	2001,
50022,	47297,	5 a 9,	2001,
55462,	53311,	10 a 14,	2001,
62118,	60403,	15 a 19,	2001,
77223,	74476,	20 a 24,	2001,
90280,	85689,	25 a 29,	2001,
88410,	84252,	30 a 34,	2001,
81944,	78672,	35 a 39,	2001,
67567,	64528,	40 a 44,	2001,
56553,	54775,	45 a 49,	2001,
49392,	47776,	50 a 54,	2001,
43720,	43247,	55 a 59,	2001,
35526,	37487,	60 a 64,	2001,
35214,	39057,	65 a 69,	2001,
25068,	30080,	70 a 74,	2001,
16455,	22097,	75 a 79,	2001,
8784,	14249,	80 a 84,	2001,
5124,	9373,	85 a 89,	2001,
1770,	3940,	90 a 94,	2001,
371,	986,	95 a 99,	2001,
95,	186,	100+,	2001,
37352,	37286,	0 a 4,	2000,
49904,	47129,	5 a 9,	2000,
54845,	53001,	10 a 14,	2000,
63696,	61909,	15 a 19,	2000,
76208,	73546,	20 a 24,	2000,
87196,	83482,	25 a 29,	2000,
83603,	81132,	30 a 34,	2000,
76447,	74298,	35 a 39,	2000,
62889,	60469,	40 a 44,	2000,
53408,	51808,	45 a 49,	2000,
47353,	46446,	50 a 54,	2000,
41311,	41130,	55 a 59,	2000,
33982,	36559,	60 a 64,	2000,
33411,	37456,	65 a 69,	2000,
23100,	28031,	70 a 74,	2000,
15160,	20854,	75 a 79,	2000,
8318,	13645,	80 a 84,	2000,
4728,	8823,	85 a 89,	2000,
1585,	3442,	90 a 94,	2000,
349,	844,	95 a 99,	2000,
34,	107,	100+,	2000,
